# Missing Purchase IDs
# Total: 526 purchase IDs
# These IDs exist in mt5_users.csv but NOT in purchases.csv
# This causes purchase_uuid to be NULL in platform_accounts

124782
124850
124851
125002
125189
125203
125316
126007
126880
128205
130312
133991
135788
139408
140067
140084
141376
141379
141386
141422
141850
141878
142198
142217
142222
142224
142242
142248
142356
142359
142367
142371
142404
142408
142411
142437
142440
142444
142458
142511
142544
142548
142549
142567
142572
142577
142583
142592
142594
142812
142828
143008
143009
143014
143102
143240
143252
143293
143306
143321
143323
143326
143424
144109
144143
144150
144160
144479
144540
144673
145555
145712
145730
145737
145740
145745
145746
145750
145756
145758
145777
145779
145785
145787
145789
145790
145793
145799
145822
145833
145837
145908
145911
145915
145949
146234
146239
146263
146267
146274
146275
146287
146289
146346
146398
146401
146421
146452
146455
146499
146501
146503
146566
146591
146629
146630
179211
179380
179464
179467
180102
180406
180407
180482
180514
180519
181948
182073
182148
184763
184860
185408
186311
186699
186839
186931
187058
188163
188247
189062
189335
189873
190136
190143
190217
191015
191035
191453
191454
191854
192195
192381
192404
192634
192955
192963
193222
193333
194080
194168
194210
194938
195527
195614
195627
195852
195977
196022
196098
196128
196263
196336
196342
196482
196496
196818
196955
197304
197460
197513
197535
197642
197816
197972
198027
198182
198201
198258
198263
198315
198317
198372
198436
198497
198775
199072
199078
199172
199291
199542
199610
200066
200089
200147
200171
200750
201011
201202
201540
201644
201791
202264
202432
202439
202532
202803
202961
203332
203815
203822
204495
204613
205071
205823
205876
205898
205937
206155
206211
206254
206289
206314
206555
206900
206957
207097
207106
207110
207145
207149
207169
207176
207228
207468
207580
207706
208279
208464
208766
208774
208796
209038
209977
210250
210297
210533
210572
210757
210787
210790
210865
211197
211202
211248
211272
211408
211518
211577
211580
211675
211921
211976
212024
212244
212295
212450
212567
212685
212815
212859
212921
212923
213046
213161
213429
213471
213971
213974
214158
214194
214216
214739
214830
214896
214900
215056
215065
215106
215310
215319
215436
215529
215576
215759
215862
216075
216392
216500
216509
216519
216555
216721
217146
217180
217235
217240
217301
217636
218134
219106
219128
219610
219680
219972
219999
220071
220392
220572
220660
220738
220771
220800
220828
221298
221519
221587
221618
221934
222309
222341
222451
222637
222698
223188
223385
223474
223529
223534
223560
224451
224631
224739
224766
224798
224928
225051
225201
225969
225976
226122
226135
226216
226354
226512
226690
227043
227083
227130
227188
227344
227530
227639
227971
228211
228220
229313
229372
229617
229882
229987
229993
230025
230171
230245
230364
230470
230565
231032
231637
231941
232455
232719
232766
233898
233935
234000
234036
234077
234190
234206
234375
234603
234778
234970
235404
235469
235835
236226
236229
236252
236537
236592
236593
236657
236772
236778
236956
237052
237092
237098
237132
237169
237197
237312
237645
237665
237667
238086
238119
238197
238202
238292
238805
238937
238963
238978
239191
239216
239380
239471
241046
241197
241442
241443
241648
242110
242275
243340
243374
243541
244152
244698
244799
244831
245361
245396
245406
245527
245555
245676
245704
245980
246022
246294
246366
246377
246804
246856
246900
247456
247791
247843
248051
248419
249053
249055
249070
250045
250673
250785
251115
251238
251277
251440
252289
252553
252635
252722
253035
253516
253579
253689
253694
253930
254744
255529
256063
256085
257275
257913
258525
258526
258528
258534
258541
258549
258551
258552
258554
258560
258561
258562
258563
258564
258565
258568
258585
258586
258588
258589
258594
258595
258596
258598
258599
258601
